id	cpu	memory	io	arTime	cpu	memory	io	cpu	memory	io	cpu	memory	io	cpu	memory	io	cpu	memory	io	
1	69	39	32	11	59	197	22	65	27	53	22	89	50	
2	80	104	27	42	96	28	53	24	136	44	89	111	56	
3	31	47	34	59	64	133	50	72	18	41	53	89	52	
4	40	29	40	35	95	166	55	89	28	37	
5	52	78	43	58	61	71	27	78	-1	57	77	-35	46	
6	33	110	45	72	94	46	25	16	-40	29	
7	57	63	46	65	32	-11	47	39	2	52	
8	19	17	21	29	21	-9	29	10	167	29	30	22	50	
9	57	51	46	56	27	-62	52	81	-39	56	
10	66	42	40	51	94	-75	43	50	148	53	71	193	45	
11	30	128	58	54	58	-72	41	95	66	34	
12	49	8	21	50	75	45	31	27	-91	44	
13	42	171	28	48	55	-78	32	25	186	21	12	-3	37	
14	76	127	36	52	48	85	26	60	-4	30	64	24	55	
15	43	108	22	32	43	-28	32	35	-63	46	
16	44	97	58	10	88	158	33	93	53	25	21	-96	25	
17	37	71	36	38	11	163	44	20	187	56	56	-80	56	
18	35	113	51	72	63	140	21	85	37	33	
19	58	123	21	72	61	99	20	87	70	29	44	-38	57	
20	59	74	45	45	59	152	52	30	7	53	14	142	38	
21	68	194	20	24	97	-61	50	20	149	47	67	12	33	
22	34	16	29	6	23	26	38	27	164	50	47	35	21	
23	83	27	25	46	28	-30	42	45	-24	29	21	87	28	
24	36	88	49	68	65	27	33	30	176	29	87	-91	23	
25	66	101	46	48	34	150	33	47	16	60	
26	41	193	51	42	35	-88	39	69	13	33	
27	85	91	52	32	65	4	22	91	-29	59	69	91	43	
28	58	188	36	66	49	50	22	71	-59	34	72	-8	32	
29	63	50	23	45	24	-52	52	62	108	22	
30	54	45	58	57	26	185	34	50	-39	52	
31	13	199	47	30	63	140	54	96	147	34	
32	71	187	45	11	29	-56	55	18	-33	35	74	47	51	
33	51	85	23	37	76	107	32	93	-43	41	97	-94	60	
34	48	116	55	39	98	80	26	48	186	50	
35	17	102	58	80	29	-6	26	95	162	42	95	155	41	
36	10	121	36	29	18	-39	54	40	27	35	87	64	51	
37	69	85	57	32	99	116	55	35	18	32	
38	86	134	29	30	62	-4	39	71	70	56	
39	99	166	48	5	24	87	22	79	191	33	
40	73	77	50	36	73	63	51	41	37	22	
41	63	118	34	24	13	163	44	78	157	33	43	134	57	
42	61	85	38	51	54	95	51	31	-87	50	
43	25	31	51	40	97	124	32	80	135	54	
44	80	172	40	2	87	115	56	70	167	24	
45	33	29	33	37	42	48	59	91	70	38	
46	79	58	39	30	70	-18	53	10	191	40	
47	43	19	33	47	21	28	44	63	129	32	50	34	36	
48	81	45	34	13	77	112	53	10	-79	29	63	16	51	
49	28	85	37	78	19	183	51	95	65	23	
50	66	158	55	2	49	-74	41	96	-4	40	87	198	21	
51	82	31	40	48	65	164	41	75	179	57	
52	19	53	27	25	58	33	55	15	196	20	
53	66	54	31	43	94	120	43	56	-17	51	
54	48	92	59	76	83	178	51	40	-23	51	
55	47	7	33	2	60	-57	24	15	83	39	33	83	40	
56	19	65	58	8	24	99	29	94	67	36	40	24	54	
57	19	118	29	76	58	-61	50	13	-67	32	
58	77	145	30	54	41	144	55	24	-23	32	37	5	59	
59	55	93	54	70	51	99	32	89	-98	35	
60	32	140	21	56	52	98	53	68	-66	48	28	36	53	
61	17	159	33	58	60	79	54	61	-87	41	47	-90	22	
62	98	59	33	4	13	-78	29	52	9	60	
63	73	118	34	74	69	167	22	29	135	31	
64	47	81	26	1	79	-68	37	41	45	26	
65	15	200	60	14	40	-31	20	52	24	60	36	88	54	
66	17	144	47	31	92	-49	45	68	31	20	
67	19	102	36	33	40	126	51	56	-22	29	
68	43	122	30	43	95	-41	24	13	-87	51	84	66	54	
69	83	140	40	17	94	12	60	35	-97	55	
70	60	47	35	22	40	32	46	44	8	23	14	-7	53	
71	80	70	51	40	38	128	27	41	31	51	96	15	50	
72	16	168	40	11	52	-66	52	97	-27	55	61	60	24	
73	76	60	32	5	17	-12	34	94	-45	52	
74	70	32	59	30	30	-29	45	46	133	49	
75	23	97	41	68	13	31	60	76	-14	33	48	195	33	
76	72	56	51	63	22	76	57	65	183	59	42	189	45	
77	16	112	45	74	16	198	46	51	-45	22	72	-55	54	
78	31	141	32	76	59	-36	21	85	166	37	59	48	30	
79	49	105	50	18	100	95	51	10	-85	37	
80	99	86	47	46	39	-78	37	54	74	49	61	-32	47	
81	64	102	29	60	84	176	37	100	118	37	51	11	48	
82	15	50	36	50	33	-61	31	52	52	50	68	36	21	
83	71	181	58	42	40	37	40	98	35	49	80	-46	30	
84	18	133	28	43	61	-71	38	41	-74	34	57	174	31	
85	22	157	49	15	23	107	34	22	-1	29	51	104	51	
86	44	8	38	54	86	189	53	70	136	43	93	-64	32	
87	99	151	23	57	24	-6	30	93	-85	56	
88	44	172	35	5	62	-59	23	32	87	23	62	-27	32	
89	45	149	37	17	66	163	57	71	-76	54	
90	97	20	42	44	12	112	25	21	167	51	
91	93	81	49	11	92	122	25	51	53	21	23	197	25	
92	12	167	29	5	90	196	36	38	191	23	71	31	42	
93	80	87	38	9	11	163	55	51	167	47	
94	44	100	43	45	59	106	47	11	34	49	
95	31	18	57	59	84	-34	22	91	23	27	
96	63	64	27	3	61	56	43	44	166	54	
97	70	139	26	38	59	39	29	73	107	33	
98	82	123	46	45	10	-65	46	50	-32	53	70	131	28	
99	97	189	20	34	44	75	39	91	85	59	61	172	57	
100	74	83	39	24	82	-81	55	25	-84	39	15	104	51	
