id	cpu	memory	io	arTime	cpu	memory	io	cpu	memory	io	cpu	memory	io	cpu	memory	io	cpu	memory	io	
1	98	104	34	38	54	126	32	86	38	23	98	54	39	
2	44	163	26	28	88	-5	38	21	156	34	
3	43	118	47	46	58	-46	25	25	-29	48	
4	75	130	50	29	65	-30	51	98	73	40	49	151	21	
5	70	85	40	28	21	189	59	43	196	49	
6	59	97	54	19	89	188	43	13	-30	44	53	29	20	
7	17	158	23	35	11	129	23	18	145	31	86	60	26	
8	49	83	46	74	50	166	53	16	27	40	51	23	51	
9	93	111	27	78	57	116	60	47	68	32	
10	75	42	35	64	97	69	53	21	174	20	
11	39	88	26	27	49	-74	53	52	-78	40	
12	13	176	59	60	62	-31	58	81	57	40	17	116	23	
13	53	54	28	26	24	103	58	43	163	51	93	-59	29	
14	23	74	50	23	24	-91	50	89	171	41	45	-73	59	
15	21	19	29	58	23	-29	49	56	-14	36	74	102	24	
16	17	148	33	60	31	45	43	85	123	59	48	100	55	
17	94	35	54	5	40	70	27	40	195	30	65	196	33	
18	100	53	35	66	34	157	53	47	85	52	
19	61	57	40	39	60	29	24	44	200	43	
20	26	36	38	54	29	45	52	21	-66	35	
21	40	101	57	14	40	77	36	49	40	50	
22	79	71	54	59	86	154	53	53	-79	47	87	-81	59	
23	35	64	49	50	20	-44	50	65	161	53	50	175	59	
24	62	112	29	52	90	79	48	58	-14	40	
25	66	10	40	36	31	14	32	49	-37	52	
26	37	47	39	64	61	109	24	24	145	47	75	83	45	
27	78	63	38	31	54	-80	30	26	27	53	66	40	55	
28	13	74	23	35	35	37	56	80	-37	30	
29	69	103	38	47	13	-44	44	75	168	60	62	192	51	
30	34	76	43	27	57	-18	28	87	79	43	
31	96	179	41	72	30	29	60	51	-12	43	51	176	20	
32	84	95	60	35	65	54	32	66	-72	59	
33	68	90	20	11	91	131	33	68	173	23	
34	73	160	31	28	21	131	55	58	-10	54	13	122	25	
35	72	72	53	79	82	172	26	92	13	33	21	88	40	
36	42	107	25	9	15	177	31	69	83	57	10	199	35	
37	25	77	35	6	40	164	50	12	125	50	
38	85	66	35	35	87	36	32	97	61	39	
39	25	66	55	71	21	-70	58	23	-25	56	
40	49	182	43	15	55	-4	45	100	58	22	
41	76	129	29	34	82	17	23	10	53	29	95	11	40	
42	51	42	33	73	39	-29	57	16	142	32	71	171	36	
43	38	116	26	63	89	-75	49	96	90	23	80	147	28	
44	21	107	53	23	24	-63	31	87	14	23	94	147	59	
45	100	43	38	51	19	74	35	47	-72	36	65	86	42	
46	74	129	27	67	90	113	23	72	48	48	34	64	51	
47	48	65	59	6	55	87	44	13	-46	29	39	85	47	
48	94	89	36	77	92	2	57	53	29	58	78	54	38	
49	92	37	50	78	95	139	39	92	77	47	35	138	26	
50	44	74	28	65	70	-22	44	69	187	37	79	-73	52	
51	32	164	50	21	40	84	42	59	-6	50	52	-45	27	
52	32	109	23	75	73	-31	49	44	134	34	24	91	59	
53	81	110	53	30	94	10	36	24	173	48	20	-74	48	
54	61	82	45	60	85	-4	37	26	87	51	
55	48	78	22	36	22	84	52	23	-16	29	28	40	41	
56	88	107	23	55	98	177	20	45	93	41	52	-91	30	
57	64	47	22	35	50	110	46	34	-57	45	43	162	21	
58	68	178	56	63	67	48	48	94	-6	33	
59	86	135	53	67	66	80	44	38	91	37	
60	11	15	24	26	65	-76	36	95	-85	34	42	84	42	
61	98	64	48	37	58	34	55	18	-88	39	
62	55	7	52	27	78	159	21	25	-47	39	85	79	58	
63	70	25	31	63	34	-21	54	80	193	39	
64	22	97	52	80	20	156	49	47	140	39	28	-70	30	
65	63	181	42	72	42	165	47	25	-49	24	
66	86	139	26	25	20	-30	49	83	-52	40	
67	34	84	56	66	22	85	55	68	-32	35	
68	76	113	37	9	39	47	23	26	-66	29	
69	61	82	34	21	67	-13	52	84	-54	35	
70	48	9	37	52	36	78	41	17	120	26	
71	13	143	52	75	96	200	47	36	172	26	
72	99	198	57	38	98	30	45	24	-8	40	
73	85	71	38	21	88	130	23	32	108	31	66	110	41	
74	60	133	34	64	94	-54	25	89	138	29	
75	35	73	42	57	86	38	23	73	96	60	
76	16	32	20	37	34	87	54	98	29	26	
77	100	64	33	19	95	179	36	46	-48	39	
78	85	174	38	76	82	134	31	91	90	57	98	74	51	
79	19	186	29	17	51	104	44	59	-57	41	
80	51	5	46	67	27	4	32	36	73	20	
81	46	100	21	65	55	2	57	11	74	46	
82	62	141	27	70	91	143	54	68	27	39	64	131	22	
83	33	199	21	80	94	-40	38	79	-24	46	
84	64	102	41	4	41	67	24	36	-18	48	27	-68	25	
85	16	47	50	65	62	125	58	34	-28	21	
86	38	14	28	21	63	3	45	17	-95	44	73	144	60	
87	65	195	36	63	71	-97	52	55	49	20	
88	57	188	29	3	51	41	32	54	139	49	80	130	32	
89	49	75	38	61	97	189	59	88	126	20	61	124	44	
90	95	143	47	34	57	-6	51	36	122	21	
91	51	117	57	4	65	22	57	55	111	26	54	40	48	
92	39	99	50	17	81	3	58	60	50	27	55	63	45	
93	19	185	21	8	77	11	60	16	113	24	
94	62	73	20	58	80	83	27	31	170	47	
95	34	29	47	36	59	180	36	99	-46	34	
96	79	147	44	70	60	141	53	26	-96	49	64	-21	37	
97	58	140	47	21	64	178	32	30	-17	27	64	-11	29	
98	38	112	40	28	55	-52	33	94	194	51	
99	57	191	47	28	36	84	56	14	128	54	78	183	27	
100	24	37	38	33	79	173	44	14	-72	33	
